43763
80200
78821
941
15117
73240
85432
57989
67998
41241
6764
36966
64759
25016
67268
79191
6024
21567
16034
4049
40530
64219
81082
66786
4759
25168
90814
89914
39377
95788
4587
20477
26453
32139
17930
86626
66517
88397
59550
1241
67756
99276
77096
87823
50996
14048
16537
84398
83567
29378
36042
14905
42782
15936
59435
4335
75445
84656
66553
53828
63681
92484
38262
85027
29342
44613
22426
9135
9329
10433
63769
75493
12424
33822
45361
6876
24533
84893
22376
34336
63749
69962
89803
3049
99222
89220
14932
32497
38553
7517
82758
79205
57272
82630
47825
68370
90937
77530
59580
31859
35485
68438
29965
14420
4693
48791
41767
87347
74958
20801
54140
39438
7052
60864
47767
98764
72148
42873
66273
75577
25107
4337
52807
6639
61856
44241
51089
24316
69695
48678
38784
69967
29431
50560
87713
20482
56482
43103
194
99257
74438
83247
53710
98474
99030
40839
97160
48222
73066
72151
81081
29837
33610
22163
71533
45763
11532
89076
92741
26311
60521
16628
67118
74880
87763
15047
72980
27518
11693
49851
20005
30159
3601
79217
50437
17405
79317
65257
10056
10462
94816
32300
97089
38595
65300
96170
89535
28474
71175
42421
71781
98788
36276
88653
29915
43743
63849
26277
61813
88349
93963
458
52864
50850
2413
53496
1084
53224
95627
26515
36439
79355
68704
87089
68332
92322
84406
26321
12497
87155
99813
47877
93970
73513
14278
53629
96328
53900
37464
15793
29034
87370
79424
13837
14553
6103
46058
5948
54766
82806
82759
99450
22274
30584
46629
82346
36342
53739
3397
79021
25503
57897
39005
97143
49265
70935
47809
39952
49897
22365
9415
68341
31930
78153
94448
10554
21791
30383
45816
33804
42893
96759
66601
11744
52566
93614
8213
44494
26334
7918
93238
13785
42356
8722
26224
84806
14261
6530
42615
98446
44113
90294
21171
32905
18945
46041
38407
51987
54043
88574
74945
98948
94109
18267
93136
39339
19435
48660
92929
4084
68401
37372
18648
34893
79894
92805
33230
88117
79638
22152
98414
10272
82989
32460
99490
58739
63368
95748
31427
4484
40344
41699
19554
20201
74237
46940
82443
26844
15177
48668
57231
44333
43705
22164
98346
68053
57301
26697
29452
71786
2597
42380
75398
19839
26621
91722
26054
56404
22030
63954
87138
28527
71113
37643
54487
90605
51217
27661
7701
32945
50330
66282
56682
74656
55668
64992
90312
62059
20432
93550
70368
17760
84302
55864
85735
92715
21758
38501
32090
83806
18993
56905
10431
92886
34966
26878
44200
19709
85049
44435
99195
818
96746
65817
53082
29206
26162
41299
2037
15451
91122
71335
10882
80013
72324
21673
10077
98535
57367
55252
18004
57226
54238
13010
20211
13789
80538
3183
68640
857
42733
39234
73318
53536
55651
235
46600
90403
16702
74360
25778
28180
41508
86068
43704
64328
88079
646
39061
18914
45202
45936
98009
87358
37361
90438
97151
19071
3296
69366
74125
3468
38213
55846
86577
14484
50713
33115
32900
37473
74639
35387
98813
78259
93341
90033
62729
33084
79273
11733
39813
80355
25364
70491
69752
40343
46265
79717
56446
37342
57354
27990
49219
90326
97316
8725
14594
52761
46113
85623
85271
19983
4348
68623
88693
23434
42304
65003
51413
35038
97340
13350
47454
12159
96876
4308
8947
23808
10846
41330
45566
12146
92295
97094
25618
59861
47696
76835
56114
53597
89604
8493
61755
56375
63420
41441
3495
27835
7331
50461
96157
60115
99888
9722
81600
29339
73242
22703
88998
97895
21688
68314
67012
41116
14980
50915
4022
13437
33771
22498
62002
13763
80584
78990
37279
57502
83857
19441
27081
13640
4918
96828
24681
19191
78134
82233
87871
40523
63018
10387
25633
11300
63757
73857
26068
40140
76372
85610
5016
47637
56670
35245
89257
61976
63158
22888
60779
75163
18258
66549
79347
37738
48446
43681
69407
48875
9350
45771
4391
80872
75375
95940
46531
62308
75085
3895
3554
32521
83346
9981
44952
71546
39169
660
80005
4315
44208
61445
37333
75636
11015
70111
1477
93383
72490
22977
55834
41301
34303
30079
53292
69984
50671
11286
85951
84828
30470
74713
53585
63132
35509
61198
36824
49038
15637
94231
65511
94626
36454
83367
35288
38218
94502
90997
66201
36859
82142
87277
15922
98905
59699
86098
57222
94807
16009
76163
4360
59426
50161
35537
26317
37581
87016
45517
16148
66063
46975
193
95179
29937
26527
41791
18390
78756
10266
38692
13044
39138
27324
62965
26464
14218
85619
17322
80844
17551
65811
7596
33064
49362
33552
56136
15708
86369
33386
4007
91842
22925
60555
55380
90558
70865
68031
76249
2911
98182
55221
71397
8583
62541
2106
28475
72471
74645
57965
36138
97342
8592
67380
54369
43834
61628
17873
39419
32268
54052
23317
3272
22104
51577
15169
18071
24344
87027
99611
59647
39779
56053
52836
21128
31701
62397
69019
17512
35548
92253
45899
45178
79925
4390
91470
56501
43539
32976
61882
59031
816
13399
95504
51174
15291
57899
90962
61838
24385
27450
88019
70233
21709
69079
49331
43811
83839
13705
8376
47274
7274
58558
44287
43666
18330
90393
67848
29714
93771
40961
54555
21953
83228
4552
40456
37552
55799
88985
4377
94393
2684
15981
96181
88574
15329
34665
34863
94378
24250
62792
92586
71674
27580
24304
1137
58763
60329
8950
65864
74911
55475
39969
48780
56097
26199
99189
87312
99949
54938
25430
48099
1436
9404
71698
76260
19523
18308
79441
89721
26872
30256
3975
85471
59565
48129
4256
70042
1919
78228
92221
16
12643
58580
22259
20045
22906
33990
89681
15656
14334
26817
98611
55992
15503
11873
54321
87730
39198
41490
32800
55515
19536
82498
81221
66581
97962
20692
6978
87623
50219
60374
20085
60514
42584
96623
3992
50132
54950
66187
3255
92333
10823
89219
32979
93042
9813
98583
34618
40435
66950
16018
25432
31371
24916
75193
14805
80512
20261
10533
89625
75967
52729
27659
3054
68854
28006
46385
36271
35806
18526
60449
41150
33269
14400
89478
13336
70299
17116
8201
89820
62657
62339
25464
12861
95120
44958
51384
52973
11224
59469
34780
37721
70073
61844
75022
90180
58374
5249
12514
41174
22511
1252
80268
42783
90285
10646
55364
77126
84818
73541
83566
24029
94186
47102
62959
23977
49487
31103
63198
48601
81351
26419
25811
69949
70288
89639
37957
1966
79829
18194
97156
72787
63054
24668
