16
193
194
235
458
646
660
816
818
857
941
1084
1137
1241
1252
1436
1477
1919
1966
2037
2106
2413
2597
2684
2911
3049
3054
3183
3255
3272
3296
3397
3468
3495
3554
3601
3895
3975
3992
4007
4022
4049
4084
4256
4308
4315
4335
4337
4348
4360
4377
4390
4391
4484
4552
4587
4693
4759
4918
5016
5249
5948
6024
6103
6530
6639
6764
6876
6978
7052
7274
7331
7517
7596
7701
7918
8201
8213
8376
8493
8583
8592
8722
8725
8947
8950
9135
9329
9350
9404
9415
9722
9813
9981
10056
10077
10266
10272
10387
10431
10433
10462
10533
10554
10646
10823
10846
10882
11015
11224
11286
11300
11532
11693
11733
11744
11873
12146
12159
12424
12497
12514
12643
12861
13010
13044
13336
13350
13399
13437
13640
13705
13763
13785
13789
13837
14048
14218
14261
14278
14334
14400
14420
14484
14553
14594
14805
14905
14932
14980
15047
15117
15169
15177
15291
15329
15451
15503
15637
15656
15708
15793
15922
15936
15981
16009
16018
16034
16148
16537
16628
16702
17116
17322
17405
17512
17551
17760
17873
17930
18004
18071
18194
18258
18267
18308
18330
18390
18526
18648
18914
18945
18993
19071
19191
19435
19441
19523
19536
19554
19709
19839
19983
20005
20045
20085
20201
20211
20261
20432
20477
20482
20692
20801
21128
21171
21567
21673
21688
21709
21758
21791
21953
22030
22104
22152
22163
22164
22259
22274
22365
22376
22426
22498
22511
22703
22888
22906
22925
22977
23317
23434
23808
23977
24029
24250
24304
24316
24344
24385
24533
24668
24681
24916
25016
25107
25168
25364
25430
25432
25464
25503
25618
25633
25778
25811
26054
26068
26162
26199
26224
26277
26311
26317
26321
26334
26419
26453
26464
26515
26527
26621
26697
26817
26844
26872
26878
27081
27324
27450
27518
27580
27659
27661
27835
27990
28006
28180
28474
28475
28527
29034
29206
29339
29342
29378
29431
29452
29714
29837
29915
29937
29965
30079
30159
30256
30383
30470
30584
31103
31371
31427
31701
31859
31930
32090
32139
32268
32300
32460
32497
32521
32800
32900
32905
32945
32976
32979
33064
33084
33115
33230
33269
33386
33552
33610
33771
33804
33822
33990
34303
34336
34618
34665
34780
34863
34893
34966
35038
35245
35288
35387
35485
35509
35537
35548
35806
36042
36138
36271
36276
36342
36439
36454
36824
36859
36966
37279
37333
37342
37361
37372
37464
37473
37552
37581
37643
37721
37738
37957
38213
38218
38262
38407
38501
38553
38595
38692
38784
39005
39061
39138
39169
39198
39234
39339
39377
39419
39438
39779
39813
39952
39969
40140
40343
40344
40435
40456
40523
40530
40839
40961
41116
41150
41174
41241
41299
41301
41330
41441
41490
41508
41699
41767
41791
42304
42356
42380
42421
42584
42615
42733
42782
42783
42873
42893
43103
43539
43666
43681
43704
43705
43743
43763
43811
43834
44113
44200
44208
44241
44287
44333
44435
44494
44613
44952
44958
45178
45202
45361
45517
45566
45763
45771
45816
45899
45936
46041
46058
46113
46265
46385
46531
46600
46629
46940
46975
47102
47274
47454
47637
47696
47767
47809
47825
47877
48099
48129
48222
48446
48601
48660
48668
48678
48780
48791
48875
49038
49219
49265
49331
49362
49487
49851
49897
50132
50161
50219
50330
50437
50461
50560
50671
50713
50850
50915
50996
51089
51174
51217
51384
51413
51577
51987
52566
52729
52761
52807
52836
52864
52973
53082
53224
53292
53496
53536
53585
53597
53629
53710
53739
53828
53900
54043
54052
54140
54238
54321
54369
54487
54555
54766
54938
54950
55221
55252
55364
55380
55475
55515
55651
55668
55799
55834
55846
55864
55992
56053
56097
56114
56136
56375
56404
56446
56482
56501
56670
56682
56905
57222
57226
57231
57272
57301
57354
57367
57502
57897
57899
57965
57989
58374
58558
58580
58739
58763
59031
59426
59435
59469
59550
59565
59580
59647
59699
59861
60115
60329
60374
60449
60514
60521
60555
60779
60864
61198
61445
61628
61755
61813
61838
61844
61856
61882
61976
62002
62059
62308
62339
62397
62541
62657
62729
62792
62959
62965
63018
63054
63132
63158
63198
63368
63420
63681
63749
63757
63769
63849
63954
64219
64328
64759
64992
65003
65257
65300
65511
65811
65817
65864
66063
66187
66201
66273
66282
66517
66549
66553
66581
66601
66786
66950
67012
67118
67268
67380
67756
67848
67998
68031
68053
68314
68332
68341
68370
68401
68438
68623
68640
68704
68854
69019
69079
69366
69407
69695
69752
69949
69962
69967
69984
70042
70073
70111
70233
70288
70299
70368
70491
70865
70935
71113
71175
71335
71397
71533
71546
71674
71698
71781
71786
72148
72151
72324
72471
72490
72787
72980
73066
73240
73242
73318
73513
73541
73857
74125
74237
74360
74438
74639
74645
74656
74713
74880
74911
74945
74958
75022
75085
75163
75193
75375
75398
75445
75493
75577
75636
75967
76163
76249
76260
76372
76835
77096
77126
77530
78134
78153
78228
78259
78756
78821
78990
79021
79191
79205
79217
79273
79317
79347
79355
79424
79441
79638
79717
79829
79894
79925
80005
80013
80200
80268
80355
80512
80538
80584
80844
80872
81081
81082
81221
81351
81600
82142
82233
82346
82443
82498
82630
82758
82759
82806
82989
83228
83247
83346
83367
83566
83567
83806
83839
83857
84302
84398
84406
84656
84806
84818
84828
84893
85027
85049
85271
85432
85471
85610
85619
85623
85735
85951
86068
86098
86369
86577
86626
87016
87027
87089
87138
87155
87277
87312
87347
87358
87370
87623
87713
87730
87763
87823
87871
88019
88079
88117
88349
88397
88574
88574
88653
88693
88985
88998
89076
89219
89220
89257
89478
89535
89604
89625
89639
89681
89721
89803
89820
89914
90033
90180
90285
90294
90312
90326
90393
90403
90438
90558
90605
90814
90937
90962
90997
91122
91470
91722
91842
92221
92253
92295
92322
92333
92484
92586
92715
92741
92805
92886
92929
93042
93136
93238
93341
93383
93550
93614
93771
93963
93970
94109
94186
94231
94378
94393
94448
94502
94626
94807
94816
95120
95179
95504
95627
95748
95788
95940
96157
96170
96181
96328
96623
96746
96759
96828
96876
97089
97094
97143
97151
97156
97160
97316
97340
97342
97895
97962
98009
98182
98346
98414
98446
98474
98535
98583
98611
98764
98788
98813
98905
98948
99030
99189
99195
99222
99257
99276
99450
99490
99611
99813
99888
99949
